king-queen: 0.7839042544364929
king-man: 0.5309377312660217
